2D FFT Output (partial):
X[0][0] = 6.24071e-38 + 0i	X[0][1] = 6.25084e-38 + 0i	X[0][2] = 0 + 0i	X[0][3] = 0 + 0i	X[0][4] = 0 + 0i	
X[1][0] = 29 + 14i	X[1][1] = 9 + 58i	X[1][2] = 74 + 89i	X[1][3] = 42 + 89i	X[1][4] = 80 + 62i	
X[2][0] = 64 + 73i	X[2][1] = 36 + 4i	X[2][2] = 76 + 84i	X[2][3] = 0 + 5i	X[2][4] = 97 + 59i	
X[3][0] = 34 + 74i	X[3][1] = 97 + 55i	X[3][2] = 47 + 67i	X[3][3] = 28 + 87i	X[3][4] = 63 + 65i	
X[4][0] = 40 + 20i	X[4][1] = 78 + 49i	X[4][2] = 26 + 12i	X[4][3] = 22 + 60i	X[4][4] = 60 + 74i	
